002008829182244213290907137367429387826290283721749680398836149155392392871548991949326522859679290858572141257217895610241021024102
4252991802920242470795160609457428842056333741257531101252583951876770878586027143660271436
1976197279733483448442190587286309045212212188786580489035977594124041035316443655041035316443655
76222988839608980968848672224027841320505813201677489290691284478501545387877224775048851534894378988824448941859483022004863469274009965863469274009965
155560188602923818381822320009458094451574815194676135048595184276427137375727069706830022006394442589608442820063944425896084428
3492501879011334617852819494974927400175121404817871968119681
962836283004817910308429553885954070807391279716288947770595576229349286511323373857029328009087005036548005560360122505900535042452255329437905350424522553294379
437809228845816826827725625756549019065264341200254005652030367245633929567474
8436220608473547356359895987044585825586027149456972692865151654204908382033275580247090649477743026670832536016424765522159454040397547628894895967922658525270587685840443385968763918180317109759081803171097590
7316443649387685885326529064233461781763140455982444507691245031679124524907882424
5326393039324594751884049917374977497783000030887478655727222701478655727222701
34859682684598010225454899155149512371983274944242891619437369351105186108861347352367231109435435866739369364569818556493645698185564
57748776487290055109367607193910019911115118385249262819491931097147070278524552323728893289683894740472452738997979391827006089654654848965465484
524704390535053181019550454502254417217250733073327554099917654367532291616110393329514429553801723346161773244832320094529053555555331763140855
81042271851851052739255431664066409024706454381229138655224122841905392394761849014940354431955391415679471799669122602362734708788498984956741383138359910225992599
4625462539398340774214949625548615774878132321377021819943335434996516510909064902642658345227087088768584896141005535045394779023658789805980104707937933947507023341344041089144328010149498866
3930227774399968038089483943789245557957951879187901104817873165382517465392903809389859812212138996592114288150268337503373224027227796614951081019009116598557526501682583896718631503816526501221201501221201
240431290597718103552309266920937623553684287678764383708322797187074276239854545294515504539478967602566192892885167516708150153194319519588638631794109714701400561115700809880988
39926696738126546396884524708320320193642052956825282193642052956825282
54815886132669926365495492864142876744213981394851768021623477789833675284246425530301090318673280455033503382832894098387138714622121328989418553289499655539553821982198
32748553091783481960592084362238832448483338313877292823988300320824232371885148779673942828655716999999670523826129005354983573311075186487643839485973522202592463463507124634635071
0555053839485926442762174940301018336501507010101018202804017722229918691245836583534457000457000
30331996699618924247834611975733774446366673434222803494401888244495742888815351260942419596792745451515256444644835613414863175147844936816680141677404817450587058364311644364280960188314894623924892489
8996263263265617822783025997484919065206889083908222890333113759496908042306142294229433155145818558233783189191088120028451627889889973866854497330584414153328025802441517526005696018868022574678746787
14751582281612205943429967483450450961966884288458016707934602294977882444044673936477326367137882888285045371021762294996097573762294996097573
332055470832529568438705722262417250941544530030991783254442218202583374288555502679581983274687330060470044940055105891778945325357822822421669841167757998684383379038718581858
54233120931235700809451504850521789350407078768159036408040979754255384524280398347557552278585444977394497739
8334077494848006790267662008800048351818513456795748683567412629028138945325532200943785803504539437892423953981982055552200094527138356557656629104081656629104081
4167767790649042918636317332121370218919166499494335491063908966666295159689666662951596
7929493258355489053930219752842044890788277917414331251251422498572966219499169675281580236300903604338535903693696290290285858868612334617402103633705021740210363370502
6517529966700977062337371221228770574438440602365407991369961905393531761920123255920890906490559208909064905
68200161237894431956796790268116122385885346196555576764167776071257275571470007003589473475975169373091013667611681698770717976118331832797183100168200063101682000631
3436804324751865464344735874422572404140481495123333270677936412103677832569360367577444442545522342308049511868486040848739879081099362258858065524788600760077464344761165344841025999746770841025999746770
3871854926361389389086627452255328031803144561378781014712106803597755870131903434615450975905042693684795695684389499161
10038631500106716123737873709433385968313879818429304022036036434992800749801085282545484537384493493208941870772575772575
548092652603306666808288159779301092900916094540475147518814132813250236585535454812935798327041035523618761872833613988
4426032459467464343693996257364501564957270270747137295000186557732448
37089773244892292249802714845244216450293209349748044154144444463688924645543337428089443195194377343761414194377343761414
867338394859720938987989991554267516351609322880409387877210971447063451428796820492000503503277630030775232023260086810804084
8636485965096035503552702932159540099682552955382859687990223375512983984284738811476299180427949499651858104996870870050394986616710574430280089847055186918008097769703138714810846764217894413230212212
60861115189529674833459292573121262608764346504833427620619602562104172521041725
1725532569692453711263839485913150504974518525244867818553989630218719681400945778132234418
86487796727657038718220639088908837203885283289461755481906490517835134282817516121525502930486723988774384797583524614868449381276292763810867687276292763810867687
8907677038718568799727757175160428544203349286516081019406428121036767089453055055159727486786282865165319451629047052382273330820279917876832868328
9351390300300416664998109010294930020200874594752897706396302599799781358904414076262639364355350945225591537155210101912626036368057743374213110965774337421311096
586483646129966992284446365910028881592492636654587005036024692234195959207494800825195223420271779339859175912027177933985917591
6756708787091717511201222268284292927257913312091166548815081500147422491660602663414186363
125781233735403964274867323281084673419667045613984284526704561398428452
10410408303007950799669209022003003342225851610270779899648648436490046355368730752815348589897732791534858989773279
57494805166499804704996808534619968368068095227087472008910486889078824048176587575023831021058105985516027796736218189453251099259924530911111534833817735554851194551625855162585
1428767917414142815903630288889457478153711903208247013194897626851034250011862832806159618404748495749571949294926448755529673939362967265908828429915851739513766546144518525254405512942525440551294
10147517656025644437750337181855823310131014790336775621128897226141249855232322402804022240280402
0428747041715055057250046446482022028076025621491399266764998574255328926373330819867872863083958958147894431931945162013702123967992667760164232305744789482755825580311
48154033781089569898601859933295398601642087874787387979103224421594948004076993456767686860533189198919445309196461925410674142295938793830993422258355230422258355230
93572554902883265278351624987290833828417250952437369312123106310699266929295597797786986610259475587252815815329496824559855159949962575349439075353687308678849977983407678849977983407
540433303553699498698674515654800307016083386386377932956896379673900554272818711871963397796622760615442908185757654765458555245846498941292859209308989894936719698949367196
88270583479185449735770837083202126051770832016849519292663968495192926639
8340790404539473178452476897573332245224513489943353693149495555579831973576258014287228715815872272708746592111188767917412770477043540354030003059491413985978342922750049512395886138134951239588613813
70293871955454324320894189424199580186487822412020028815700800867035977570743020084708442265531891989859202094840727043021260686712127128842126068671212712884
583670414132725734482122675265018683566341864873009735681691099276009674967404744463655662819495536873042889434243305489912242242828991224224282899
191668463470160894089418596827333208544943000058135744781615833657008793453636749855585585586027762276227136229918262902812661256444319451945080453671193914391765557611005351757005351757
478222289147397394516001865396040284946204908730140762453929029325324522743615842744252322963333951145054505381214167212137026721213702
1002562290185185105702193385585512551145063930128007074403012800707440
4450055189418429751473999062889464997754295381399266887783958973759430903674293970717975801808967250955488389675176725095548838967517
18544203684786149639033675639028063908320164941221210367228007445524581964039968035602294976840684045381684045381
609450360639898998981794336154612337428426153615371106790285313534595960247012031891980236582848458687873438126932863027552874638139633138736328746381396331387363
5763140913892828294919119290288325048673283870717976524784415114767784415114767
57522202511687913678302377993787038771884769274004350435289845337107640765541097147094511891016423370266311082663657570044601420155539876222015553987622
943448476837580151035523098852832893252337040606879971668746467902675383720317651565480134044793999022722704782320099134894625691348946256
0562800448306023843624362020924634234707179900788209790260018231823
4898149026991792490837967369860164749480051186558915